-1.286970142315825 -0.8445741558947603
-0.5764553762456299 -0.1742772067719346
-0.790950399964934 0.723920705052652
-0.04021781694736996 1.76958394568426
1.421029532140391 1.756178006701802
1.930455213473738 0.4289900474386085
1.260158264350913 -0.4155841084561518
-0.2279009627017607 -0.3753662915087821
-0.8445741558947606 -1.286970142315825
1.340593898245651 -1.367405776210564
2.614158101579019 0.06702969491228315
2.399663077859715 1.850019579578999
0.6971088270877386 2.667781857508847
-1.099286996561434 1.702554250771977
